1623
-2181.93 -10084.2
-17418.4 -5058.7
-17501.3 7162.82
9552.95 7487.59
8697.79 9994.86
28763.2 9003.66
-59500.5 6811.77
41755.5 -5167.7
39250.7 -9714.45
-103.346 9190.23
-23638.4 -7197.85
-30816.8 -4689.49
84523.2 -7818.15
-5186.79 10082.1
3780.93 -9253.91
-6135.85 -9267.81
-34719.6 3279.75
-3794.88 2837.69
40889.7 7195.04
449.563 7259.05
-11009.7 -9843.05
-20564 -9993.55
2801.71 10094.2
-13743 -8751.86
-9967.89 5461.86
-2742.5 10073.4
24153.3 -8820.34
-3790.64 -2016.24
17891.2 4007.61
59414.3 9507.01
21269.1 -9269.4
1891.92 -9372.51
-2509.62 -8855.06
4189.37 -1296
-861.082 -9782.22
-5033.25 -6984.15
-5204.75 -8656.04
14749.9 -5200.92
-951.029 10039.7
761.425 8997.77
-25471.7 5874.28
-95.8881 -9637.99
-3069.94 -9756.79
-12359 7689.06
-24790.7 -10025.9
-50563.3 -5419.32
25044.5 -8373.02
31378.2 10048
-12081.3 -10023.2
-691.834 -10074.9
-43601.3 10007.4
-793.45 -6468.48
40062 -9796
-16194.1 9832.39
-28359.3 5949.63
12615 6176.1
-48340.4 10001.8
-9726.37 4291.88
30486.4 -5659.86
-5329.18 9779.59
18992.5 -9950.43
44714.2 1269.18
5712.88 10087.5
29485 -9151.34
-24497.3 -7915.74
-41695.8 -7288.79
-72098.7 -8485.87
17754.1 -6211.54
-7129.67 9753.56
33717.2 -5940.01
62707.7 9639.45
-41036.6 3789.32
-11908.6 -9787.61
45783.7 -8098.19
-13902.2 10078.6
32706.7 -9956.19
-1884.81 7545.56
-29704.8 8613.33
1381.33 9964.83
-37425.9 -9217.18
2752.61 -7681.45
-33838.4 8089.63
28970.3 -9705.3
60604.7 -9285.72
-27854.8 -8957.16
-55.8245 -9525.72
24115.2 -10020.6
23713 2709.7
19909.3 -9986.61
36921.5 8182.06
15865.5 -9859.07
-582.459 -8166.76
-4635.94 9043.68
48516.1 -9914.6
-37707.6 9169.66
-8229 8785.38
81855 6988.2
16297.1 7444.7
-71741.1 3751.81
15986.9 9802.06
-3589.72 -10080.1
-8261.61 9553.86
11034.6 8762.99
-4830.45 -8637.53
-10503.5 4408.45
-17015.2 9237.62
7308.47 -4589.56
-5241.44 9631.99
-11380.4 9211.81
11502.7 -3482.52
10447.8 2105.83
5381.83 8479.15
9469.1 10011
17776.7 -6151.81
-16565.1 9093.33
-67577.2 -8143.36
63088.4 -8621.59
25451.2 -7186.27
-24004 -3706.33
17088.7 10035.4
6175.47 -9310.68
79027.5 9810.61
-23479.8 10032.4
37131.8 -9654.36
36808.8 -3048.15
176.821 9112.1
-42885.9 9708.57
-28902.5 -6022.47
-26493.2 -7925.72
-64108.9 9944.54
82604.8 8915.03
-34450 -8718.97
51231 10071.2
9705.32 -3766.83
12275.2 1593.42
-42138.6 9894.39
-319.262 -10095.4
-5246.03 -9896.81
-4009.15 9198.66
-14330.9 7186.54
-37038.9 9609.56
57775.2 9728.04
780.831 6996.05
-45366.5 2033.5
7654.95 5594.21
-59399.2 -6467.3
4131.63 -4994.06
9381.09 9571.13
-9512.48 6464.42
-23728 7123.43
-4053.2 6643.57
-14146.2 -8863.37
-38546.5 6974.69
14277.1 5937.36
24055.3 9595.05
21182.3 696.242
33161.2 9978.91
-32834.4 2715.92
-2020.7 9962.96
90927.9 -4971.83
10139 -4885
21190 -5024.36
-50616.6 -9131.87
-3961.05 9455.09
29237.9 8306.39
7560.98 6416.2
-8490.11 -3178.1
68744.6 8496.42
-53600.6 -10056.1
26582.5 8596.93
35303.1 6877.23
6596.97 -10076.7
-5153.72 9363.28
-8129.28 6046.73
5708.1 4888.25
45060.2 9399.23
-26680.5 7164.53
61719.3 7717.88
-39670.6 -5876.52
-54324.6 10044
-45687.9 4077.42
30814.8 10011.7
39549.6 -9864.05
-10274.5 -7452.4
47841.4 -9519.19
-44967.2 -10047.3
33766.2 -10083.1
-15499.7 -8221.6
6879.94 -5941.85
31296 4969.8
78885.6 -9435.79
-38013.8 5421.37
-54822.7 -7104.92
68331.4 -9021.6
21233.4 -3968.52
40606.8 -6694.8
-83056 8320.44
45543.5 -10005.4
-6519.22 7934.07
-18.5083 10008.4
-10915.9 8484.79
2543.12 9627.08
-11733 10050.2
-3555.4 9928.5
-22896 10064.5
58221.5 6919.15
22392.7 9944.54
2890.92 9081.98
-4675.45 2460.79
-57038.1 -10062.8
31202.8 7524.26
45488.4 10051.6
-34633.2 10035.1
47917.3 -3859.13
5540.25 9419.83
18529.8 5004.58
47686.8 -8520.33
-3427.96 -8080.68
47586.4 4786.12
-57399.3 -10067.1
6646.86 -9365.03
12840.7 9989.2
-23188.6 -10022.8
66844.7 -9007.28
-55157.3 -10074.3
36385 -7734.55
5605.93 8419.79
-72537 2377.83
-3443.07 8991.75
52212 10022.2
19024.9 -10071.7
-61221.7 -9845.75
-13629.9 7493.28
-5868.15 -10048.9
-12210.1 -9962.82
-58317.1 -9807.54
777.047 -9571.43
-7383.84 10018.7
7574.73 8327.67
47120.9 -3931.13
2013.79 9975.39
1590.23 -6819.75
51638.8 -6563.84
-11674.8 -9020.83
23819 7492
-8677.84 7455.4
13531.5 6170.67
3609.02 9774.12
-11650.5 9323.7
31759.1 -7960.53
-30552.6 5260.96
62083.9 9858.95
-2928.48 -3528.04
-86501.6 -9695.03
17602.9 1511.45
-22950.3 -10047
-2121.44 -7673.64
51401.6 -9736.86
-19082.9 9739.17
-39269.1 -9424.67
28262 6537.14
5759.14 -2922.51
14900 10084.5
58638.6 9189.99
19509.7 6458.22
-13155 -10092.5
-14158.5 10030.2
-16913.2 7923.94
-67181.5 -7706.54
-3717.97 -8926.83
9296.82 5183.11
-24809.6 -10071.5
-49183.8 -8643.38
5796.99 8573.96
80770.6 5512.85
2170.78 -9988.88
32740.1 9638.56
13505 -6523.81
-23792.7 10028.4
36279.2 4645.59
-4619.49 4714.88
23763 -3168.63
-7886.88 9621.04
-5339.59 -6188.75
8406.98 -7916.8
2553.84 -9796.22
8818.97 -10075.2
7363.44 -6106.22
-53457.2 -8507.97
6029.69 8165.74
12897.4 -7221.91
-7402.62 -9984.74
-810.382 10063.8
591.979 9089.49
17311.4 -5199.88
-73810.2 7358.11
-86014.7 5760.15
845.194 -7383.24
-18926.8 9371.48
-14257.2 6183.25
2257.1 8743.72
17360 5837.12
48768.2 3529.99
22241.7 9473.08
-15563.6 6577.68
-6978.76 -9654.97
-2462.15 9057.58
-40223.8 -9372.21
34042.9 10010
15077.1 6655.59
-30369.1 7206.24
31969.2 -6256.01
-58827 699.188
17113 -7201.07
28320.4 7356.16
60990.6 3831.78
2167.44 -7561.96
15611.3 -10085.4
6298.42 9765.81
17732.2 7171.07
-15052.3 -7974.11
25876.5 5060.61
-91704.7 -9260.58
-18433.6 -9537.29
62725.8 7569.44
29156.3 4563.09
329.47 -1581.8
66552.1 -8885.36
-3161.23 2177.95
-85802.9 3340.95
37809.7 -9336.64
65918 8325.47
-33280.2 7025.15
-4927.54 6047.09
-49437.2 3361.49
-18731.7 -6660.75
-62849.4 -1208.25
-40303.2 9513.11
18797 9932.04
-8223.85 -8326.02
57069 -9933.11
20817.7 -10086.7
57993.7 8947.99
-19473.8 9233.29
-644.269 8423.7
-2417.14 7863.12
30737.8 10085.7
7151.63 -8471.06
34398.3 -8935.27
-5228.93 7385.93
-65111 5002.58
70260.9 -9337.66
-29716 8966.36
8687.03 -9406.43
-44103.6 -9632.55
58194.3 -7162.69
16381 -8387.8
-14317 7982.33
-24341.2 7612.43
-16648.8 7401.49
1144.13 -9094.49
4600.81 6347.96
12888.5 8862.89
-25305.1 -5646.68
61443.6 -5234.49
5294.01 -7583.55
-43098.1 7154.64
-50198.5 9603.25
7275.57 7083.48
48955.2 7454.77
4786.31 9869.64
14237.8 -8856.31
83805.3 -9081.77
-50612.6 9963.21
-55519.1 -9587.83
7471.78 7991.23
-1896.89 -9546.86
10685.3 9667.17
-12806.3 7519.19
31645 -4410.96
49622.7 -5500.95
-21243.1 10015.7
41996 4473.04
42520.2 8344.91
37707.5 6566.63
3589.09 9809.43
10007.7 5375.98
40766.4 9548.33
-22121.5 -9327.94
51457.5 8663.36
-4101.36 10090.9
17170.6 9032.63
4035 3750.43
21508.2 -9963.97
30956.4 -10056.2
15011 -9462.07
-33747 9431.68
-43662.6 8990.29
3248.24 9667.76
-4634.57 -8834.44
-83407.9 7428.96
-19462.3 -8312.94
1328.87 9856.08
-70783.1 7582.14
69221.7 -8220.8
-10027.8 8750.46
-24957 9938.34
-8584.49 6236.26
-64297.5 -1252.07
3499.03 9000.01
-7891.92 -2375.16
-12768 3853.72
19507.5 7302.1
-8042.19 -10072.3
6194.44 6948.8
21864.4 -8475.26
-1781.09 10096.8
12161.1 -5912.91
46372.1 -9724.17
-19832.5 9384.4
37696.8 -9944.02
26448.6 -8129.56
-25467.4 5743.74
-22565.3 9795.14
4328.15 -10087.3
3079.29 2923.33
-38815.1 -10023.7
4571.78 -7762.92
3937.53 -10091.7
6182.53 8060.29
17350 -5976.52
-14993 -7035.46
1342.84 -9941.52
1251.68 5170.81
12986.7 -6578.12
25696.6 -7491.8
17911.1 -8507.87
25738.9 9546.93
43847.3 7136.11
-63992.8 9754.34
26318.9 9058.65
8045.57 5985.9
224.296 3885.18
-65897.7 9890.39
-5365.27 8782.76
17567.6 -9821.57
-14867.1 -4071.57
17761.8 8462.93
-2269.29 7423.43
-64426.4 -9120.54
13538.5 -10042.4
40444.1 -9889.49
-26943.8 4042.71
-13457.3 -9059.48
76471.1 -6990.66
-21263.2 5414.29
71.5799 7525.25
-8506.47 9914.69
-19234.6 -8510.03
15845.2 -9998.28
7195.6 -4144.66
23709.3 -8809.37
9922.09 8289.57
-38006.5 9730.75
428.528 -6544.94
2588.89 7003.7
-63873.6 -5620.16
-35591.3 9999.37
-47912.3 7144.64
-30379.9 9984.27
-5817.38 10099.7
14423.2 1151.68
16941.7 7766.45
43243.8 9429.18
12654.8 10084.5
-39613.9 -9015.33
-5328.38 9868.87
42403 3361.58
49591.5 9969.19
8611.17 -6715.98
-42224.8 9901.15
-8022.62 4790.34
-25985.4 -3482.44
-37960.5 -9912.11
1283.31 -7937.34
-1067.52 9923.52
-7275.2 -6521.79
22053.3 -2760.59
13429.4 7433.61
-53063.6 -5315.94
29322 9085.16
-31436.9 9315.73
1928.09 -4074.98
24439.7 3634.28
-25185.2 9460.94
29133.5 -9733.46
819.558 2935.14
-19768.7 7274.58
8770.04 -5226.63
11243.3 -4831.3
-1139.57 -10044.6
39199.4 9661.7
-2963.74 7202.93
-40099.8 -8541.3
-8831.51 -3625.05
29063.4 9729.79
15698.4 -9733.59
8717.89 -6284.75
32663.8 -5028.83
-5260.63 -4754.48
21123 6015.03
40352.6 7183.9
-15525.7 3978.1
11826.7 9662.77
-20892.9 -9521.88
20625.2 9607.89
19419.7 9032.38
26740.2 10090.3
-10962.2 -2852.1
567.469 -1729.21
-42229.4 8683.23
22715.1 -7027.37
-746.892 -907.557
12434 1331.5
-43352.2 5235.73
-19791.9 7689.14
12301.2 -3607.59
-16512.4 -5473.26
-5098.56 -7990.07
-97600.2 -2522.42
-18957.9 -9940.35
-14408.9 -9382.01
-35554.2 7881.85
-49283 -7159.85
-16720.1 8170.25
6969.78 -9403.12
19676.7 -5590.35
-9977.37 6162.92
-13315.7 -8977.49
11376.1 9326.5
-13223.6 10032.6
25080.1 -9620.62
-32420.3 10089.4
38461.9 -8019.56
13272 -6472.74
-29368.6 9031.89
16652.2 -9236.92
34773 -9877.58
-26372.9 -4165.3
8274.38 9863.24
-62043.5 9676.2
-6033.09 -10063.2
-11431 -2661.2
56435.7 8887.2
-43363.5 9241.5
63185 -9922.34
6566.37 -7345.61
500.196 -10077
-8327.77 5948.05
-6542.34 -8951.51
43665.6 -9044.03
26057.4 -9747.14
-64500.2 -10016.2
8504.12 -7257.85
69368.7 -4633.47
-8783.48 -10096.1
7869.83 3247.52
-8832.9 -6522.79
3829.88 -9991.31
22217.9 9976.63
-46330.9 -6889.69
42432.5 -9832.78
-18374.6 9734.11
40654.6 -7739.39
-26900.8 6652.37
28014.5 -6529.77
11830.3 8287.79
88185.3 -9896.83
-14443.1 -9607.25
-81598.7 6352.78
-64716.8 -6271.98
43775.6 8711.97
-44646.8 -8436.35
83.8957 10087.5
7033.77 -6757.06
-8674.38 -8546.12
54749.8 9864
7181.85 7263.98
30129 4485.58
-27058.5 -10074.2
-66990.5 10010.8
31052.1 9792.3
8985.29 10066.6
-6988.82 -7951.95
2646.08 9911.48
-22615.6 4206.83
-20665.8 3612.28
15425.4 9542.72
70.1483 9314.23
-32474.1 -9863.67
41682.7 5163.15
-1835.93 9433.01
35001 9556.24
6815.83 9047.88
36635.5 -7237.85
-73867.6 -7596.91
-10691 -9107.82
-37917.2 -10086.3
-24220.1 7885.31
-6221.98 -5638.89
5075.12 9857.97
-22238.8 -7084.25
-6320.49 3616.52
-30696.3 7303.67
-17329.7 -9107.39
12770.5 8872.02
16789.9 -9418.02
-45999.4 4187.83
7635.95 9945.09
6925.81 -9752.61
-24417 10044.9
12041.3 4048.62
11556.9 5289.87
-35735.2 -8589.14
3872.61 1947.09
18424.5 -5811.89
14651.1 7993.38
-31489.5 -9778.84
-17701.3 2896.6
-27830.6 -4890.28
12208.6 -9618.84
-2692.96 9628.4
67715.1 -5209.77
-35381.9 -9456.22
-37977.9 10058.5
2298.65 -9276.12
6611.67 9747.51
6091.98 4718.78
70956.6 7274.41
-32008.2 6176.24
-4784 5943.96
21538 8742.63
-4457.01 -10072.1
-43005.6 -7569.32
11006.9 -10076.9
-18308.1 -7540.5
15069.7 9518.94
-7546.23 6584.76
-23544.1 9815.1
-5263.59 10099.4
9671.93 -6752.7
34498.8 -9378.28
54689.8 1036.72
12306.7 10069
11821.4 4830.23
-16450.5 -7459.21
8849.5 -9400.04
-13287.6 5638.32
4481.26 -9493.12
5426.05 -10028.8
-19068.1 -8362.43
-1074.15 9969.92
8070.49 -9520.9
-12960 -3818.91
-5832.82 -9642.35
-2596.28 -4568.36
-28971 -9978.5
-28195.6 8457.66
-26107.2 -4109.06
11487.9 -10091.3
19959.2 1042.76
-48399.3 10049.2
21935.1 3767.92
-62972 -6595.36
-19414.3 -7928.41
-14267.3 5454.53
-2631 6549.21
-12209.4 -8609.22
-22230.3 -10085.2
21691.9 7562.13
11690.1 10056.1
31892.4 9348.11
-3145.17 -5813.96
36539.3 10073.5
3617.88 -9614.22
53665 -1641.86
35280.7 6671.25
-26864.6 -9482.55
-13066.4 10027.1
15048.3 9897.88
-32648.3 -7201.4
13600.8 -5912
17529.9 -9982.32
2125.88 -10046.9
48413.3 7989.65
1776.65 7851.06
9296.69 -7430.62
76499.3 -7857.56
33425.7 8788.4
-65983.9 5695.69
2716.61 -8827.22
68559.6 8744.5
42664.8 -9666.78
33267.5 -9722.78
30185.5 7964.28
32453.7 -8649.82
1350.21 -8256.65
8992.88 9661.93
7957.72 10046.8
6547.36 9554.1
48481.5 9888.09
16071.6 -8685.94
-15767.3 9848.48
3874.77 2066.45
-1534.57 -7373.95
49392.6 9387.78
-16045 -8275.25
1223.72 -1781.22
10435.3 6211.07
59773.9 -9808.38
32564.6 5971.24
21362 9922.13
7491.58 9140.09
23050.1 8445.44
-53846.8 8977.27
30965.4 -5096.52
49351.4 9352.1
-31422.8 7626.23
25628.2 7570.15
16382.6 -9508.99
81208.3 7496.04
8147.02 -8804.72
36163.6 5485.95
17379.2 10046
-8240.54 3480.79
15242.2 8983.54
4608.06 -9678.68
9609.39 9747.97
-55961 10014.1
2421.89 9533.81
-5416.14 8514.23
-804.7 9771.26
-26462.6 -9571.28
11207 -6487.04
-3541.96 -7419.97
-9909.88 -2088.3
-10981.4 6163.72
54393.2 -8182.3
-66779.5 9258.63
-1100.95 -9201.41
-4859.34 -9688.2
-4046.89 -10044.4
-26397.1 9206.76
-20911.1 3649.13
35699.9 7429.09
41668.6 -9277.08
-17884.8 3558.55
9388.04 -9677.21
-5661.34 -8457.41
47510.6 9906.96
37514.8 -9801.02
12204.3 6997.9
13533.1 4235.7
9743.98 -6273.02
-18658.3 9934.84
59665.7 -7998.27
-16723.2 -10074.3
9208.59 -6490.16
38491.5 3848.63
13983.4 10055.8
-1276.45 8701.61
-36270.1 -3671.2
23481.8 9951.49
-9847.58 -8325.01
3817.87 -9853.71
40977.3 -6785.54
-6517.25 7851.66
51810.2 -10025.5
6782.05 9541.48
-39028.1 -7837.41
9961.9 -7920.67
-22552.7 -10009.5
-35656.6 9006.2
71031.8 -6856.12
43431.6 -5573.42
14015.1 -3978.8
43415.3 -7212.25
-34956.6 -9931.51
2619.53 -9613.13
-51339.3 6366.05
-6452.24 3767.16
-6046.59 3652.13
-71371.3 -9988.23
65860.1 -9148.86
19140.5 9701.65
8840.25 -9619.29
-38745.2 9820.79
3461.78 -9956.4
9792.09 -4275.11
17596.5 -8702.15
20886.2 -5048.26
-2448.31 10068
11184 8690.06
-21652.4 -5972.17
25347.8 -8483.89
-4341.9 9250.74
12929.8 3869.27
5265.81 -7576.11
552.296 8605.24
6816.96 -10085.4
-17144.9 9421.91
20877.1 -7204.4
6237.25 4619.06
26484.9 9678.75
9297.89 8967.64
-29571.1 -2767.27
-49052.3 9462.54
-81604.2 -5828.6
-42943.1 9871.73
36413.4 -9984.79
69562.8 10048
-15454.6 -10005.5
24360.7 6707.93
10008.8 8393.68
17193.4 -5525.05
-8631.21 9600.8
-1779.75 -10022.6
10071 -7829.77
-395.199 -9703.3
2497.47 9913.3
2859.61 -9899.14
18407.1 5075.31
-76553.2 -9825.13
-4999.06 -9031.04
57314.9 -8773.03
36893.6 8877.26
4769.64 8403.66
8631.21 -9688.15
-8352.11 9213.35
54035.8 7507.22
18434.1 8669.41
-23150.4 7598.88
75574.3 10040.7
35397.9 6458.15
31469.7 10079.4
21461.9 -8357.08
14279.1 5054.94
-42497.3 -8863.57
-7150.2 -6906.05
1788.85 10011.6
-8592.71 4062.78
-5068.76 9663.81
63.4023 6247
-7078.57 8663.99
-10828.3 5956.62
55743.1 9001.91
41856.3 6227.37
5090.43 4029.26
-9987.72 -10063
-10246.2 -6052.49
36274.8 -9252.75
26675.9 -9628.57
5342.49 -6414.4
-16738.7 7679.75
-85663 9795.31
-5811.57 -6370.59
-19757.8 10066.7
28264.3 -7013.12
38184.5 4454.77
155.758 10031.3
18836.9 -8925.63
27029.6 7992.58
-30933.6 -8537.36
63221.3 -3904.94
-34278.8 -9982.93
47495.2 9041.52
-2526.46 10089.3
-14853.8 -9557.72
13604.7 -4995.92
-16288.5 -9153.27
7665.08 7962.94
-7675.43 -9262.32
-75190.2 -6589.82
24381.2 -4310.47
-22382.6 9996.84
25601 10005.8
-13512 -9873.99
20590.4 9383.65
-2215.29 -6539.24
-51954.6 9980.54
-3117.62 -4382.18
28985.9 9846
-1387.65 10057
1736.69 10071.9
-64760.5 -8994.73
89138.9 3264.14
-22784.7 -8250.45
40107.5 -5303.63
-34550.7 662.278
-15924.4 7093.63
22523.4 8052.91
-11031.8 7878.06
47120.5 1058.4
36906.7 590.849
-4613.45 8641.51
13396.2 9731.59
32466.1 -9634.71
13467.4 6868.82
-77853.4 9773.79
-6105.36 -9974.26
-31020.9 8506.74
-9001.52 -9036.91
-66660 9432.24
-45438.1 -7835.66
14198.2 1580.06
-10027.4 -10018.4
10122.5 3105.76
18323.1 -8539.94
-35199.8 6410.14
36096.4 -8193.52
-23814.8 9789.57
-26639 -10071.6
35165.2 8787.74
-8345.8 8249.78
-51798.6 9878.89
-9597.83 7591.15
25879.8 -9962.96
16215.8 7559.93
3763.42 -9166.36
65642.5 8712.89
15328.9 -8561.2
31748 -10067.7
38092.5 1699.74
80750.9 9748.78
-685.366 5885.28
647.315 1969.04
-7004.19 -7423.3
-13817.3 -9806.16
-6448.83 4610.36
-31099.1 6739.3
-32126.5 7286.3
-24090.1 9986
-6880.49 9094.58
-5256.69 -8222.19
-1296.7 -9438.52
-31906.7 -3291.83
42907.8 9951.63
13010.7 -3496.12
21085 5428.34
8874.79 -8575.86
-27987.6 9568.06
-46872.6 3221.33
-3318.81 -3345.32
2012.67 9004.5
11643.4 5404.5
38900.9 8820.93
54290.2 -9525.08
43467.7 -8238.8
16618.6 9333.75
7748.06 -5447.97
53383.8 -9161.25
-7818.58 -6402.27
-47738.7 9084.86
-45354.5 10047.5
84022.4 8546.34
16474 -4107.68
-11317.4 -6869.22
-31088.3 7214.45
8123.78 9801.87
33379 -7615.44
-20609.2 -4116.22
-4206.87 -9798.07
-42419 9381.26
-39192.5 -7057.07
-50896 3878.57
-50803.1 -9714.21
7609.96 8981.98
8455.34 -7549.68
72595 -7318.88
10819.2 -9059.63
-19192 5044.19
-18886.3 -3918
32612.4 10074
10811.7 4554.1
4102.57 4716.46
-26844.5 -9815.48
-451.534 4849.44
1600.56 10033.7
23322.5 10068.7
-12935.8 -9777.35
-38767.1 9955.51
-27572.1 -8618.33
-73600 5003.12
1203.04 7447.17
-39950.5 10028.4
2227.22 10069.5
43539.5 -9947.41
-45270.2 -7842.67
-36819.3 9951.31
-31578.9 -9654.66
53955.4 -6276.21
1181.11 9127.74
43112.6 6919.79
-9182.01 -7204.09
-25583.9 -9770.92
-26381.7 3694.22
-29659.3 9509.22
36966.2 -9724.51
41201.9 -6332.26
-9466.05 8552.14
611.604 -9403.19
-11490 4517.5
-44563.3 -10032.2
66631.2 9865.26
-26443 -8255.98
-17215.7 -4850.73
-12368 -8332.83
12101 5683.81
5291.9 7148.22
11706.3 -10059.7
-8415.08 -10092.8
43584.7 -3729.52
18103.4 9137.72
-580.395 -9964.46
-3117.41 6244.81
72897.7 -9048.73
-87542.4 8253.51
-9425 -4321.17
-41824.5 9717.15
29812.2 10051.2
-3745.71 9636.05
-13149.9 -9549.48
-29168.8 -8650.58
-14342.2 9808.98
-947.505 7422.01
1233.31 -10000.7
41166.6 -9973.38
-63068.9 9127.19
18535 -9644.19
-36950 10068.2
13142 8810.5
-9078.25 7675.52
-29698.1 -8636.02
-16915.7 -9650.7
9388.83 6345.18
38994.7 -9980.69
8503.34 -5389.85
-3539.7 -7329.29
-19668.1 9929.48
-42183.2 10041.5
59661.7 -9292.99
47033.6 9577.57
37362.3 5077.34
-48442.8 -8557.11
-7272.25 -9331.92
25725.9 10067.1
-30248.8 -9715.37
-14030.8 7201.72
-25144.2 -5165.18
-20880.9 -6817.99
12540.9 -2471.14
1941.81 10005.4
-47985 -7366.93
-868.136 -9554.09
-65154 7278.97
12576 -10029.3
-65018.5 -7631.09
-36119.5 -9346.92
-24260.5 -9590.38
47678.7 -9755.11
-4355.73 -9405.48
-28818.8 -7260.6
33166.6 10079.1
16520.6 -5155.26
11428.4 -4528.1
-46843.2 -5281.86
28327.5 1688.27
-49603.9 -10048.1
9465.72 6954.19
29397.3 -9927.4
-81125.7 -3055.08
22995.7 9653.58
-29074.7 -5958.64
27975 9044.65
-18940.6 -5295.57
5178.36 8883.58
54961.3 7507.36
21215.9 -10053.7
13009.8 -10051.3
-5915.69 10080.9
-34371.4 -6669.27
-3289.92 -9904.74
-1924.44 -7785.77
18477.7 -9166.36
85141.6 -7042.61
-22697.2 -8926.22
-11870.2 7640
-59262.5 -6073.29
52905.8 -9050.83
45315.4 5460.23
-32997.7 8751.81
18391.2 -9465.68
65885.8 -9113.07
-7822.07 8924.4
25527.5 -9365.61
75903.8 5622.45
26455.4 10015.6
-286.276 -8619.78
-24211.2 -6081.24
-60294.8 5899.63
43385 8532.52
49269.9 -4615.25
3299.17 8929.54
-21522.8 -9043.89
16736 -7090.47
12446.7 -8863.75
-6194.16 -6722.54
-10582.8 -10073.5
56354.7 -8354.16
-51750 8866.15
5399.36 7463.37
-14601.2 -9492.32
27312.8 -7829.17
-3887.26 9875.12
-49151.5 4895.56
-39173.4 -9840.69
-17272.7 9463.72
-7778.15 3279.77
-84125.3 -9047.89
-5694.44 -10022
-64395.5 7940.88
52949.3 -8464.57
59188.9 10040.4
-17535.7 -4178.39
-22972 9280.92
20551.8 6061.32
4093.68 -5808.65
1178.87 -9091.86
3483.46 9593.5
24369.8 -8071.12
7661.78 -7046.03
51213.3 3431.32
89176.6 -9663.31
15509.2 -9851.62
2369.52 -9613.78
10504.2 -9308.92
1329.65 -1631.44
51132.7 -4750.16
28581.1 -4454.09
24118.4 5383.74
82522.6 -3845.57
-4050.6 -9394.6
-17053.1 3982.19
79633.1 -6499.6
2167.03 -9340.21
17889.8 7732.51
3636.19 -9529.11
3797.63 8815.35
3174.74 -9108.76
-63989 9068.72
-394.423 -9872.89
-35689.4 -9424.99
37982.3 10072.8
-15585.4 1988.84
-8201.58 -1751.19
-4056.22 10046.4
-15018.2 3987.78
-17604.1 -9402.14
8983.15 9358.83
-39428.8 9200.01
32577.9 -5284.31
-62210.9 -9935.95
49179.1 -9985.68
11750.9 -7655.57
-24560.5 10084.2
65086.7 -6951.81
-5573.27 3279.36
1480.65 -2813.45
2036.63 -7298.83
23031.8 -6980.12
-34170.6 9824.71
-1492.41 9633.87
57906.2 -3028.62
46843.3 8530.73
27624.2 9999.03
2306.71 9579.6
-3724.52 7964.37
8906.4 -9973.33
-4946.13 -8833.22
62121 -8457.06
-69225.7 9957.01
-17197.7 3989.62
54390.7 -9858.34
-9905.28 4693.61
-11516.3 -7263.31
-13814 -9002.18
20967.8 9816.19
23175.8 -9886.69
6927.28 -5038.24
17574.5 9170.62
5988.28 9220.62
6381.77 9813.33
66913.9 2869.31
1936.09 -5880.94
-7654.57 -4549.37
43150.4 8138.95
-466.239 -6068.98
-19857.8 -10009.6
13853.1 2777.94
38807.1 8041.38
69279.9 8185.3
-45136 -9336.29
44269.7 -10056.7
16946.1 4495.24
-9428.27 -8873.45
15579.6 2302.16
9955.82 -5274.65
1220.55 9312.01
10472 -9851.62
3230.34 8948.81
20363.7 -9592.38
-35305.6 10002
15597.1 7992.06
-37658.5 9792.72
40914.8 10055
-9006.56 -10061.4
-18177.8 -4407.49
-12122.8 -9333.23
10512.3 9723.01
-12416.9 -6712.77
-92995.4 8408.89
25955.5 -9325.43
-29461.4 9620.17
-55775.2 -6524.42
-5715.93 10012
4700.44 -5954.63
34277.9 -8921.86
-13616.3 6947.08
15873.7 9345.67
-1648.11 -9837.94
-36431.5 9502.05
4271.49 -10014.1
3560.84 -9744.15
12896.3 -8949.83
59777.7 -4818.34
-1954.96 -5392
-12953.8 -5972.75
-57220.7 -3514.66
5650.08 -8800.84
-7177.66 1620.1
35875.8 6830.23
-14081.8 9908.88
83064 -7557.57
21409.6 -9637.71
2654.14 5720.43
-17078.7 9827.06
-19393.6 9440.39
77613.2 -7528.81
-12896.6 9406.84
-38046.1 -8823.72
-20532.6 6992.97
-2861.96 7744.68
-3948.67 9384.89
4580.71 5232.07
1142.29 9978.34
5120.72 -8285.73
2222.9 9184.57
40515.1 -9612.27
-20438.9 -9763.4
9476.27 -10085
26130.4 -9767.75
-7832.01 10096.2
21806.3 10013.5
-5282.71 -5829.29
-80155.8 -389.964
12708.2 5931.3
-3237.77 10095.2
-66172.6 -10020.3
4351.35 2888.15
-84269.5 -9516.46
-27223.4 1812.42
11846.9 -9793.77
-40676.9 -9437.24
-51150.5 -7936.6
33155.5 9790.91
10382.1 9795.29
15106.8 8796.27
8550.7 -8351.93
-83905.3 -6164.34
-5087.98 -3005.12
-9488.97 -7653.25
-76781.2 8684.55
-31256.3 -8883.81
-35809.8 7902.68
32188.6 7673.58
-7337.82 -10008
4916.62 -6072.59
32490.1 5369.82
-42381.6 -8808.46
-70121.3 9653.82
-7216.75 -9122.67
10582.7 8317.33
-24707.8 4669.39
58195.7 -8465.62
-13251.6 -8169.56
8312.49 7770.03
-2935.27 9921.48
10167.2 -6142.08
68273.4 8208.73
57767.3 8828.37
22213.9 7521.01
-632.7 -10072.6
-33076.5 9184.9
-22748.4 -8985.93
61770.6 -7714.31
-5961.85 9099.58
6206.1 -9954.66
44515.9 -9890.83
21996.2 9660.1
44529.2 6780.89
51077.2 7463.12
9120.88 9896.78
28841 -8264.53
62021.2 -7488.3
16554.5 9177.46
40631 6133.19
54165.5 9454.49
5081.1 9576.99
-16629.4 -7220.84
44506 6647.13
-16035.9 9623.08
15685 9748.22
22274.4 -8871.46
35147.1 8669.63
251.227 10094.8
-29775.2 -8180.7
-71425.3 4412.33
16104.7 -9249.56
-51910.2 -9615
-10892.6 -9952.07
-3340.9 2423.05
14879.7 -5767.35
-11314.3 -5733.69
-6392.57 8210.42
31038.5 5377.72
-37907.9 -9299.17
19843.3 -8539.81
-1440.7 9941.28
45598.5 6708.06
8140.5 -5121.81
-80194.5 9743.03
-55116.8 9567.2
-57027.4 -9092.29
-4661.14 -7337.16
17373.4 9528.92
4965.76 -8928.5
19490 7039.62
30894.9 9132.04
-35200.1 -8992.87
-18303.5 7020.81
53522.7 -4425.53
-70407.2 8014.06
13697.1 10074.8
18098.1 -2968.62
-7698.08 8118.27
-62140.3 8738.16
7126.68 -8644.09
55142.5 4622.19
6857.67 6812.27
4349.41 5831.83
89238.3 9969.36
1541.56 -7250.42
-60920.2 -7629.06
2759.98 -5927.74
43085.3 -9979.12
-65078.1 -298.841
-27017.3 -9694.13
8969.25 5862.64
21874.2 10016.7
-16810.7 3814.69
-58137.4 9272.99
-18952 -6405.65
-63908.6 -7957.7
-9544.08 -9711.79
77533.5 9587.65
-47796.7 7641.15
12910.9 -9346.4
-28231.3 -6994.49
-3435.73 10067.3
4763.43 9835.44
-20004.4 -4975.57
7239.94 5826.5
-69562 9945.74
-50336.5 5501.69
8924.88 -1763.63
32674.1 -7489.66
-29069 5800.84
13404.3 8132.82
11084.2 -8678.55
89231.2 -8040.29
-45010.8 4717.85
-3133.79 -4881.68
-4944.97 -9058.87
65828.6 9656.12
44417.6 2232.3
27365.6 -7826.27
16860 -6345.63
83712.8 -9818.26
14496.9 -9444.75
65762.5 8667.17
30751.3 -9004.34
5023.42 9904.16
19644.4 7895.42
38549.2 -6146.43
12425.3 8501.33
59535 8604.81
-9866.41 1610.8
21724.1 -10069.6
11476.8 -9821.94
8195.43 358.977
33010.5 7373.11
-61732.5 -9298.49
53895.9 -9242.26
-1943.42 -10081.3
7778.16 8434.64
26510.6 -6139.56
-22607.6 9061.78
-21114.5 -8202.85
22439.3 -3388.6
39392.6 9934.64
18370.1 10013.8
-31699.5 -9704.48
54584.5 8550.54
-26420.8 -3676.6
-3731.51 -7325.24
-7149.98 -8209.31
-45241.6 6902.45
-18684.4 -9470.63
37280.9 6891
17454.5 -9940.6
20815.4 -9903.24
-47468.1 7764.9
10872.9 -5907.34
19380 -9936.51
9752.2 -3747.81
7193.59 9615.34
13917.2 -5200.74
-15927.1 8790.51
-10398.7 9789.42
-70498.3 7682.99
-2475.02 6968.15
11489.9 -8369.32
-30884.4 5717.35
-32621.2 -10066.7
-20070.8 7455.9
5899.24 4998.42
8823.01 9313.89
-12439.9 5394.42
-21745 5921.44
49867.9 9015.43
-34111.8 -9614.18
48370.8 -9188.6
-6312.14 8105.31
-12141.3 8810.31
37318.6 6364.31
-53375.6 1695.07
-80753.9 -8816.91
46284.1 9129.51
-203.271 10013.3
-6870.14 5436.12
-26493.8 10002.3
39338.9 -3335.86
54173.1 5998.05
-498.484 10007.1
18379.1 9983.94
2705.7 -8124.69
-35756.4 -10040.3
-37706.2 -10064.7
5580.89 6462.34
683.98 -9769.57
-24021.8 -4754.28
-20049.4 -9881.23
-3028.58 -10048.5
1992.36 8503.59
-31410.3 -8449.72
1466.65 7460.44
-20556.8 10069.5
-4045.8 4070.72
1713.2 6877.27
-28554.4 -10074.9
32332.8 -8738.4
-902.715 -9681.95
2901.14 -10005.2
40916.7 8557.44
43236 5999.73
-17037.4 7484.58
-22998.3 -4718.51
-33582.3 9505.15
6231.26 8997.32
32503.9 10062.4
-46134 -9910.09
-3705.83 9931.14
13675.8 -6809.56
19536.1 7061.65
4307.02 -10026.3
-70999.8 4495.38
-21931.5 -8578.36
-752.551 7332.43
35200.5 -4641
-7721.54 -5159.55
19213.1 -9886.54
-29896.1 -10076.4
-26476 -9707.84
-1853.03 9117.68
-63278.7 -1663.85
9138.97 10053.3
45291 7642.07
27808.1 -9695.75
60975.2 -9615.84
-2081.35 -7140.71
6050.27 3539.06
-31428 -9623.14
-45220.6 9154.79
-67017.2 8107.85
22536.1 9722.29
-13115.6 9234.04
-46834.9 9975.28
-37350.3 -5752.47
-51018.2 -9958.47
-24640.8 9783.58
34594.9 6895.4
77072.1 -9867.41
-2430.4 -6936.96
-5930.73 6909.87
-20354 -9646.79
7896.31 -9960.85
27909 4903.64
39965.9 -10036.3
-1805.44 9677.53
75863.7 -8654.78
-76469.5 9030.64
21156.6 -7671.32
39150 7848.92
-23795.1 -6764.09
-29222.2 -4578.07
2630.6 -8528.6
-23059.5 -8060.18
1579.11 -10053.4
-76301 6022.22
-51803.3 9377.45
3592.72 9054.83
30119.9 6632.83
-7869.42 9978.36
-14032.7 9218.12
9357.74 9675.52
-25080.7 6892.23
42011.4 9496.71
73082.2 8598.12
37079.6 -8740.61
-8187.79 -9628.04
20169.2 9801.58
36444.7 -3037.02
55568.1 -1808.57
-42568.1 10016.4
3316.21 -7383.23
8978.61 -9738.25
6985.1 9606.84
-7792.22 10067.3
76332.4 8719.11
-1009.89 -9733.71
41261.1 8405.2
-15302.7 9909.98
62223.9 8706.2
71559.5 -6013.86
-14858.2 2596.06
37148.1 -9193.5
5485.7 8186.37
-39795.5 10019.6
21584.2 8676.52
44712.3 9125.99
-23718.3 10031.1
20539.3 9151.98
14387.5 -7192.38
18195.7 10057.5
12836.2 -10083.3
-47666.8 -2942.46
18771.6 9762.65
24210.7 5571.24
-65025.2 10033.7
-28595.9 -7404.65
-36466 -10081
-88421.3 -7658.2
-43777.7 -7968.68
-5320 10089.2
60938.3 -8474.39
2231.82 -5617.58
67526.6 7912.08
-12776.3 7985.88
-21714.1 -8616.46
-6022.76 -10056.6
-2595.47 -9670.55
4915.01 9446.9
-34174.7 9993.49
18815.2 -9584.15
1518.54 -10055
-26021.6 9886.18
-38618.5 8924.42
26410.5 -9987.45
664.157 7954.44
81125.3 8861.15
-23127.2 9647.93
-31666.2 7049.36
-16886.1 -2739.22
-19939.7 -9376.75
25044.6 9954.37
-35619.1 -7957.27
-79330.1 -9990.27
-64703.9 -6076.06
41639 9719.39
-11534.4 -5615.04
-4530.59 -9784.95
-8240.07 -9151.78
17828 -7189.26

25
-102498 -8641.58
-99312.4 8238.32
-87418.4 9916.75
-84099.4 9980.7
-77833.4 10027.8
-53601.7 10082.6
-5816.25 10099.7
10611.4 10098.3
30048.8 10094.4
56028.4 10078.7
74551.9 10057
86993 10032.6
93138.8 9941.01
93765 9585.7
98839.1 -6986.42
92211.8 -9936.55
71543.9 -10044.7
48087.3 -10078.7
7166.64 -10098.1
3155.43 -10099.4
-13600.5 -10096.1
-40238 -10089.8
-75673.7 -10054
-83703.3 -10015.2
-84984.9 -9968.35
